OSCAR 7 (AO-7)          
1 07530U 74089B   26283.28007347 -.00000028  00000+0  11679-3 0  9992
2 07530 101.9907 297.7263 0011947 271.8558 100.0131 12.53700023374944
PHASE 3B (AO-10)        
1 14129U 83058B   26281.97275880 -.00000035  00000+0  00000+0 0  9993
2 14129  25.9860 201.0038 5974937 146.8173 271.4245  2.05869979297836
UOSAT 2 (UO-11)         
1 14781U 84021B   26282.71822774  .00001272  00000+0  13416-3 0  9993
2 14781  97.8220 247.1253 0008018 154.8837 205.2772 14.91041875274196
LUSAT (LO-19)           
1 20442U 90005G   26283.29911665  .00000082  00000+0  46151-4 0  9996
2 20442  98.8794 308.2481 0010799 224.6795 135.3519 14.34148849918894
EYESAT A (AO-27)        
1 22825U 93061C   26283.44315109  .00000072  00000+0  44204-4 0  9992
2 22825  98.6762 350.7433 0009383 119.0877 241.1246 14.30965848723482
ITAMSAT (IO-26)         
1 22826U 93061D   26283.45801796  .00000086  00000+0  49251-4 0  9998
2 22826  98.6710 350.6878 0010013 104.0231 256.2065 14.31395155723809
RADIO ROSTO (RS15)      
1 23439U 94085A   26283.50044190 -.00000016  00000+0  74594-3 0  9990
2 23439  64.8131 116.7196 0159790 343.2659  16.3029 11.27584304308906
JAS-2 (FO-29)           
1 24278U 96046B   26283.35207967  .00000019  00000+0  52784-4 0  9997
2 24278  98.5140 116.4272 0350217 157.4064 204.2930 13.53279094488744
TECHSAT 1B (GO-32)      
1 25397U 98043D   26283.26212154  .00000040  00000+0  37530-4 0  9999
2 25397  99.0170 278.9804 0000506 196.2843 163.8318 14.24446407467717
ISS (ZARYA)             
1 25544U 98067A   26282.95044904  .00006711  00000+0  13074-3 0  9997
2 25544  51.6315  92.1575 0006672 244.0714 115.9587 15.48795780589546
PCSAT (NO-44)           
1 26931U 01043C   26283.54244587  .00000086  00000+0  62923-4 0  9998
2 26931  67.0503 305.9020 0006042 274.8468  85.1944 14.31990650306967
SAUDISAT 1C (SO-50)     
1 27607U 02058C   26283.32147977  .00000711  00000+0  10146-3 0  9991
2 27607  64.5509 132.7061 0070429 241.1888 118.2135 14.83248382281530
CUTE-1 (CO-55)          
1 27844U 03031E   26283.24139138  .00000224  00000+0  11560-3 0  9997
2 27844  98.6768 290.3755 0008978 205.5806 154.4930 14.24392410208051
CUBESAT XI-IV (CO-57)   
1 27848U 03031J   26282.44453921  .00000166  00000+0  91919-4 0  9993
2 27848  98.6802 289.2091 0008576 228.5441 131.5002 14.23669118207638
MOZHAETS 4 (RS22)       
1 27939U 03042A   26283.65357492  .00000905  00000+0  14714-3 0  9994
2 27939  98.3461 111.3149 0009945 262.4904 185.9990 14.73631309232552
CUBESAT XI-V            
1 28895U 05043F   26282.95002300  .00001093  00000+0  17883-3 0  9995
2 28895  98.3131  81.1095 0013641 196.9518 163.1235 14.72873190118640
CUTE-1.7+APD II (CO-65) 
1 32785U 08021C   26283.62512364  .00004790  00000+0  29586-3 0  9998
2 32785  97.8409 267.6091 0008747   8.2222 351.9149 15.10352295  2622
SEEDS II (CO-66)        
1 32791U 08021J   26283.61648520  .00019411  00000+0  54959-3 0  9996
2 32791  97.7562 287.3892 0000489 189.6773 170.4461 15.36334112  4984
YUBILEINY (RS30)        
1 32953U 08025A   26283.58447146  .00000069  00000+0  42693-3 0  9998
2 32953  82.4982 283.6602 0020590  61.6409 298.6744 12.43183990834034
KKS-1 (KISEKI)          
1 33499U 09002H   26283.61412897  .00001132  00000+0  14484-3 0  9998
2 33499  98.1185 207.8863 0006425 278.8830  81.1655 14.83363472953306
SWISSCUBE               
1 35932U 09051B   26283.23937283  .00000813  00000+0  16958-3 0  9998
2 35932  98.3942 193.0791 0005894 206.1399 153.9505 14.62658851905979
BEESAT-1                
1 35933U 09051C   26283.51519281  .00000690  00000+0  14776-3 0  9993
2 35933  98.3867 192.7490 0004212 219.7010 140.3883 14.61869800906035
ITUPSAT1                
1 35935U 09051E   26282.57991323  .00000590  00000+0  13145-3 0  9999
2 35935  98.3946 190.8666 0006228 240.5051 119.5528 14.60577876905430
XIWANG-1 (HOPE-1)       
1 36122U 09072B   26283.61036596  .00000324  00000+0  96470-3 0  9996
2 36122 100.4172 235.6575 0007351 335.6043  24.4721 13.16443478808191
O/OREOS (USA 219)       
1 37224U 10062C   26283.43582511  .00001557  00000+0  15120-3 0  9996
2 37224  71.9700 179.1988 0015477 212.3042 147.7182 14.94110777133856
JUGNU                   
1 37839U 11058B   26282.50751029  .00000415  00000+0  76867-4 0  9991
2 37839  19.9619 333.8695 0018317 259.2978 237.1577 14.13804299775222
SRMSAT                  
1 37841U 11058D   26282.80151719  .00000371  00000+0  57341-4 0  9994
2 37841  19.9715  85.7119 0011786  25.2362   3.2966 14.11597175774039
STRAND-1                
1 39090U 13009E   26283.20807260  .00000214  00000+0  86152-4 0  9992
2 39090  98.3970 100.6662 0007573 244.0335 116.0072 14.37217204713585
ZACUBE-1 (TSHEPISOSAT)  
1 39417U 13066B   26283.62632092  .00003491  00000+0  26749-3 0  9998
2 39417  97.8198 246.6198 0037634 222.5545 137.2762 15.01974740698056
GOMX-1                  
1 39430U 13066Q   26283.59266873  .00000906  00000+0  14112-3 0  9998
2 39430  97.6411 116.7788 0129379  66.7494 294.7274 14.69755790686866
CUBEBUG-2 (LO-74)       
1 39440U 13066AA  26283.58796274  .00004092  00000+0  37344-3 0  9993
2 39440  97.9028 233.1759 0057030   6.0863 354.1037 14.94417789694225
FUNCUBE-1 (AO-73)       
1 39444U 13066AE  26282.88258682  .00006914  00000+0  41381-3 0  9996
2 39444  97.8418 256.9310 0035385 170.1863 190.0065 15.10834091696979
UWE-3                   
1 39446U 13066AG  26282.82115295  .00003733  00000+0  31692-3 0  9994
2 39446  97.8835 239.7998 0046716 297.8832  61.7662 14.97707906694735
UNISAT-6                
1 40012U 14033C   26283.01861468  .00001967  00000+0  21252-3 0  9990
2 40012  97.8035  73.8620 0045565  50.9779 309.5481 14.88722131663247
QB50P1                  
1 40025U 14033R   26283.29517120  .00006075  00000+0  28776-3 0  9990
2 40025  98.0945 302.6481 0008378 180.2126 179.9105 15.19714853670502
LILACSAT-2              
1 40908U 15049K   26283.58806998  .00020360  00000+0  30386-3 0  9997
2 40908  97.4518 325.0394 0006514 173.5404 186.5935 15.55070504613664
FOX-1A (AO-85)          
1 40967U 15058D   26283.36448696  .00003133  00000+0  27268-3 0  9999
2 40967  64.7733 280.8784 0141223  13.8947 346.5987 14.91475154130748
CAS-2T & KS-1Q          
1 41847U 16066G   26283.27148451  .00001190  00000+0  17387-3 0  9995
2 41847  98.3728 357.6660 0341857 140.1603 222.5231 14.44892293521415
RADFXSAT (FOX-1B)       
1 43017U 17073E   26283.38098407  .00008281  00000+0  35149-3 0  9996
2 43017  97.4501 148.2419 0144811 290.5808  67.9940 15.14243314482819
DIWATA-2B               
1 43678U 18084H   26283.59186750  .00001255  00000+0  10388-3 0  9996
2 43678  98.1146 124.8780 0013227 146.3391 213.8674 15.00791173433523
ES'HAIL 2               
1 43700U 18090A   26283.59634604  .00000138  00000+0  00000+0 0  9990
2 43700   0.0132 132.4854 0001190  89.2819  37.9447  1.00274893 28836
FOX-1CLIFF (AO-95)      
1 43770U 18099N   26283.15268435  .00010288  00000+0  36943-3 0  9999
2 43770  97.4259 343.0686 0006699 306.1472  53.9147 15.28840111430773
ITASAT                  
1 43786U 18099AE  26283.44832518  .00005282  00000+0  24623-3 0  9997
2 43786  97.3895 332.6741 0010809 314.6314  45.4039 15.20254726430418
JY1SAT (JO-97)          
1 43803U 18099AX  26283.12672161  .00018469  00000+0  51173-3 0  9999
2 43803  97.4001 346.5566 0004817 201.7159 158.3882 15.37000446431262
UWE-4                   
1 43880U 18111E   26283.60378352  .00048483  00000+0  75867-3 0  9992
2 43880  97.5850 217.9326 0002992 257.3668 102.7250 15.53608742428651
TIANYAN 01              
1 44881U 19093C   26283.61469109  .00000934  00000+0  11098-3 0  9991
2 44881  97.7431 352.9704 0014919  69.3949 290.8866 14.86659668368568
RS-44 & BREEZE-KM R/B   
1 44909U 19096E   26283.24174644  .00000009  00000+0 -40459-5 0  9990
2 44909  82.5171 263.2421 0216456 235.2064 122.8500 12.79749715317065
SALSAT                  
1 46495U 20068K   26283.27739164  .00006367  00000+0  21397-3 0  9990
2 46495  97.8875 293.5028 0007618 255.5853 104.4542 15.31200508332966
XW-3 (CAS-9)            
1 50466U 21131B   26283.63397315  .00000559  00000+0  18584-3 0  9994
2 50466  98.4978  15.3919 0005260 107.7970 252.3793 14.41442326251741
GREENCUBE (IO-117)      
1 53109U 22080E   26282.88827317 -.00000003  00000+0  00000+0 0  9996
2 53109  70.1218 258.3405 0009148 265.4278  94.5337  6.42583712 99436
UMKA 1 (RS40S)          
1 57172U 23091G   26283.58896169  .00005619  00000+0  24935-3 0  9996
2 57172  97.4920 341.8456 0013934  78.8545 281.4257 15.21892000181550
CUBESX-HSE 3 (RS42S)    
1 57178U 23091N   26283.61505633  .00013795  00000+0  42447-3 0  9991
2 57178  97.4974 350.7936 0010637  49.0892 311.1269 15.33726277182100
MONITOR-3 (RS58S)       
1 57180U 23091Q   26283.58754293  .00010609  00000+0  36935-3 0  9994
2 57180  97.4961 347.9632 0012078  57.7144 302.5265 15.29800465181923
MONITOR-4 (RS57S)       
1 57182U 23091S   26283.62525635  .00010240  00000+0  35559-3 0  9999
2 57182  97.4955 347.9791 0012079  57.8139 302.4271 15.29894798181939
MONITOR-2 (RS39S)       
1 57184U 23091U   26283.56578474  .00004443  00000+0  21049-3 0  9990
2 57184  97.4940 341.0863 0012435  74.1620 286.0985 15.19771463181473
SVYATOBOR 1 (RS60S)     
1 57187U 23091X   26283.61860956  .00008496  00000+0  31081-3 0  9997
2 57187  97.4968 348.1301 0009997  53.1078 307.1076 15.28264075181937
VIZARD-METEO (RS38S)    
1 57189U 23091Z   26283.58921006  .00018567  00000+0  47677-3 0  9997
2 57189  97.4983 355.5938 0006729  29.6693 330.4933 15.39342250182425
POLYTECH-UNIVERSE 3 (R*)
1 57191U 23091AB  26283.57666994  .00004725  00000+0  22186-3 0  9990
2 57191  97.4917 340.6028 0016758  88.1981 272.1173 15.19995573181475
UTMN 2 (RS27S)          
1 57203U 23091AP  26283.57152276  .00013308  00000+0  39980-3 0  9994
2 57203  97.4975 352.5226 0007751  39.8038 320.3772 15.34519486182221
KUZGTU 1 (RS47S)        
1 57217U 23091AV  26283.58651350  .00012246  00000+0  39640-3 0  9990
2 57217  97.4943 349.3520 0011166  53.6658 306.5613 15.32129681182030
SONATE-2                
1 59112U 24043Q   26282.97580144  .00068972  00000+0  60941-3 0  9993
2 59112  97.5625  81.3237 0005184 137.1783 222.9882 15.68443524145821
MESAT1                  
1 60209U 24125G   26283.09354078  .00171157  00000+0  87138-3 0  9999
2 60209  97.2041 144.3691 0007657 130.1345 230.0596 15.80918227127606
GRBBETA                 
1 60237U 24128C   26283.40891007  .00002653  00000+0  18807-3 0  9997
2 60237  61.9895 171.7945 0023514 160.1827 200.0185 15.07298786123636
OOV-CUBE (TUBSAT-30)    
1 60240U 24128F   26283.28518082  .00001507  00000+0  12561-3 0  9994
2 60240  61.9940 184.1040 0028029 160.9880 199.2264 15.03168544123415
COLIBRI-S (RS67S)       
1 61746U 24199M   26283.61961109  .00028036  00000+0  46031-3 0  9998
2 61746  97.2745 158.7689 0006037 202.4479 157.6511 15.52365227155294
HORS 3 (RS81S)          
1 61753U 24199U   26283.61498588  .00057904  00000+0  61732-3 0  9993
2 61753  97.2751 162.3297 0004342 174.6954 185.4352 15.63781084155545
HORS 4 (RS82S)          
1 61754U 24199V   26283.59442687  .00107902  00000+0  77195-3 0  9994
2 61754  97.2678 164.5892 0004604 152.9956 207.1549 15.73397003155704
SIT-2086                
1 61764U 24199AF  26283.60484525  .00055546  00000+0  63818-3 0  9997
2 61764  97.2706 162.3918 0005499 164.5725 195.5702 15.61856109152395
ALTAIR (RS65S)          
1 61779U 24199AW  26283.59729163  .00011112  00000+0  29005-3 0  9992
2 61779  97.2827 152.2271 0010276 247.0929 112.9232 15.38921827154855
ASRTU-1 (AO-123)        
1 61781U 24199AY  26283.57230233  .00007713  00000+0  21382-3 0  9990
2 61781  97.2794 151.2036 0011469 251.9136 108.0860 15.37157064151648
SAMSAT-IONOSPHERE (RS7*)
1 61784U 24199BB  26283.60294191  .00087556  00000+0  72540-3 0  9995
2 61784  97.2704 163.0221 0005672 177.6359 182.4932 15.69948209155597
RTU MIREA 1 (RS51S)     
1 61785U 24199BC  26283.03821608  .00163203  00000+0  92003-3 0  9992
2 61785  97.2677 164.1983 0005345 162.1079 198.0377 15.78703398152477
LASARSAT                
1 62391U 24247Q   26282.18174676  .00040347  00000+0  61489-3 0  9998
2 62391  44.9727 338.1647 0009379 345.3799  14.6821 15.53819214101009
CROCUBE                 
1 62394U 24247T   26282.57311726  .00059790  00000+0  80053-3 0  9993
2 62394  44.9699 330.7993 0009831   0.3389 359.7510 15.57170897101120
TEVEL2-4                
1 63213U 25052D   26283.19302638  .00021592  00000+0  57212-3 0  9990
2 63213  97.3740 179.9809 0004634  72.2682 287.9069 15.38355200 87776
TEVEL2-5                
1 63214U 25052E   26282.96861882  .00021096  00000+0  56359-3 0  9996
2 63214  97.3740 179.6655 0004596  73.3664 286.8086 15.38105702 87735
TEVEL2-6                
1 63215U 25052F   26283.17859486  .00020853  00000+0  55749-3 0  9990
2 63215  97.3743 179.8619 0004552  74.3973 285.7774 15.38086144 87760
TEVEL2-1                
1 63217U 25052H   26283.18769533  .00020452  00000+0  55896-3 0  9994
2 63217  97.3717 179.3452 0004862  80.5848 279.5946 15.37404616 87744
TEVEL2-3                
1 63218U 25052J   26283.43747017  .00019578  00000+0  53365-3 0  9992
2 63218  97.3716 179.6364 0004597  80.9892 279.1873 15.37498769 87788
TEVEL2-2                
1 63219U 25052K   26283.51247881  .00020516  00000+0  56018-3 0  9998
2 63219  97.3715 179.6762 0004916  80.7349 279.4452 15.37434081 87794
OTP-2                   
1 63235U 25052AB  26283.60438034  .00007355  00000+0  29447-3 0  9990
2 63235  97.3701 174.3125 0007836 109.4941 250.7144 15.25323768 87452
TEVEL2-9                
1 63237U 25052AD  26283.45455166  .00017857  00000+0  52507-3 0  9991
2 63237  97.3777 178.7165 0007990  90.0120 270.2039 15.35124926 87696
TEVEL2-7                
1 63238U 25052AE  26282.60806049  .00018936  00000+0  56392-3 0  9993
2 63238  97.3781 177.7298 0007928  94.1855 266.0295 15.34712020 87558
TEVEL2-8                
1 63239U 25052AF  26283.59523370  .00017963  00000+0  53472-3 0  9991
2 63239  97.3776 178.6910 0008182  89.2540 270.9640 15.34734032 87705
INNOSAT 16 (RS92S7)     
1 64878U 25155C   26283.60614236  .00005525  00000+0  21396-3 0  9990
2 64878  97.4725 250.5569 0011609 131.6851 228.5383 15.26531946 98272
GEOSCAN 6 (RS92S6)      
1 64879U 25155D   26283.59309322  .00010957  00000+0  35512-3 0  9996
2 64879  97.4708 252.8575 0009281 119.4354 240.7815 15.32135795 98423
GEOSCAN 1 (RS92S1)      
1 64880U 25155E   26283.60908390  .00012111  00000+0  38284-3 0  9993
2 64880  97.4702 253.1366 0009213 119.0854 241.1311 15.32909733 98446
239ALFEROV (RS61S)      
1 64881U 25155F   26283.58221516  .00016196  00000+0  46577-3 0  9990
2 64881  97.4695 254.1186 0008909 116.7179 243.4978 15.35838983 98506
GEOSCAN 2 (RS92S2)      
1 64890U 25155Q   26283.58377302  .00011947  00000+0  37491-3 0  9999
2 64890  97.4702 253.3070 0008745 108.2431 251.9763 15.33151825 98454
GEOSCAN 5 (RS92S5)      
1 64891U 25155R   26283.61397955  .00015865  00000+0  45228-3 0  9990
2 64891  97.4689 254.3301 0007812 119.1630 241.0397 15.36128190 98526
GEOSCAN 4 (RS92S4)      
1 64892U 25155S   26283.58450973  .00016508  00000+0  46736-3 0  9997
2 64892  97.4694 254.3886 0007699 118.8679 241.3338 15.36337258 98528
GEOSCAN 3 (RS92S3)      
1 64893U 25155T   26283.60322765  .00021321  00000+0  55113-3 0  9996
2 64893  97.4677 255.2336 0007754 116.9506 243.2532 15.39101833 98584
INNOSAT 3 (RS92S0)      
1 64894U 25155U   26283.62501452  .00058577  00000+0  94024-3 0  9998
2 64894  97.4615 258.7139 0007525 110.9761 249.2297 15.52830307 98820
KNACKSAT-2              
1 67683U 98067YA  26282.99590997  .00090229  00000+0  66787-3 0  9995
2 67683  51.6231  72.1552 0008929 277.3538  82.6446 15.72124074 38267
MARINA                  
1 69920U 26156BD  26283.23409714  .00001708  00000+0  17296-3 0  9990
2 69920  97.7424 182.1154 0006868 187.9009 172.2103 14.92242576 14154
