STARLINK-37886          
1 69943U 26157A   26220.50004630 -.00016009  00000+0 -28029-3 0  9993
2 69943  53.1595 174.8950 0001067  87.7833 104.0071 15.49316371  6071
STARLINK-37937          
1 69944U 26157B   26220.50004630  .00007761  00000+0  14727-3 0  9997
2 69944  53.1586 175.2731 0002155  97.7030 267.5815 15.49348876  6079
STARLINK-37903          
1 69945U 26157C   26220.11357934  .00016286  00000+0  30009-3 0  9996
2 69945  53.1599 177.8676 0001150  93.5198 266.5943 15.49325146  4695
STARLINK-37905          
1 69946U 26157D   26220.50004630 -.00010539  00000+0 -18163-3 0  9996
2 69946  53.1586 175.2264 0001052  91.9883 295.6679 15.49318598  6077
STARLINK-37904          
1 69947U 26157E   26220.50004630 -.01503389  00000+0 -31329-1 0  9995
2 69947  53.1598 174.9369 0000895  70.0930 100.0340 15.47943849  6073
STARLINK-37891          
1 69948U 26157F   26220.50004630 -.00012149  00000+0 -21065-3 0  9992
2 69948  53.1584 175.2918 0001217  84.5051 270.7115 15.49317232  6074
STARLINK-37923          
1 69949U 26157G   26220.17719911  .00018146  00000+0  33330-3 0  9990
2 69949  53.1592 177.5486 0001033  83.3902 276.7225 15.49330928  4700
STARLINK-37895          
1 69950U 26157H   26220.15014102  .00024288  00000+0  44310-3 0  9994
2 69950  53.1597 177.3731 0001523  84.4068 275.7115 15.49327627  4706
STARLINK-37841          
1 69951U 26157J   26220.16301482  .00025315  00000+0  46142-3 0  9993
2 69951  53.1593 177.4577 0001142  86.5806 273.5334 15.49328818  4704
STARLINK-37899          
1 69952U 26157K   26220.50004630 -.00013345  00000+0 -23232-3 0  9994
2 69952  53.1585 175.2910 0001733  90.7983 263.7014 15.49303386  6073
STARLINK-37900          
1 69953U 26157L   26220.50004630 -.00015196  00000+0 -26558-3 0  9995
2 69953  53.1583 175.3245 0001139  92.0502 245.9090 15.49320472  6077
STARLINK-37882          
1 69954U 26157M   26220.14822971  .00022533  00000+0  41173-3 0  9993
2 69954  53.1596 177.3559 0001284 123.5339 236.5793 15.49329180  4700
STARLINK-37928          
1 69955U 26157N   26220.50004630 -.00010412  00000+0 -17931-3 0  9998
2 69955  53.1593 174.9129 0001341  89.2183  91.2397 15.49319656  6078
STARLINK-37824          
1 69956U 26157P   26220.50004630 -.00015018  00000+0 -26231-3 0  9999
2 69956  53.1584 175.2841 0001575  84.8353 272.9203 15.49324459  6074
STARLINK-37919          
1 69957U 26157Q   26220.15553323  .00022609  00000+0  41313-3 0  9999
2 69957  53.1597 177.4070 0001249  79.3352 280.7797 15.49327296  4708
STARLINK-37964          
1 69958U 26157R   26220.17518114  .00024081  00000+0  43938-3 0  9992
2 69958  53.1590 177.5343 0001171  96.7825 263.3318 15.49329445  4702
STARLINK-37907          
1 69959U 26157S   26220.18048458  .00012702  00000+0  23597-3 0  9999
2 69959  53.1609 176.8395 0001199  93.6115 266.5031 15.49321008  4716
STARLINK-37901          
1 69960U 26157T   26220.50004630 -.02851927  00000+0 -71290-1 0  9996
2 69960  53.1606 175.0381 0001392  96.7440  20.7868 15.43181271  6070
STARLINK-37910          
1 69961U 26157U   26220.15788043  .00030593  00000+0  55561-3 0  9994
2 69961  53.1595 177.4218 0001016  74.4254 285.6867 15.49327113  4704
STARLINK-37925          
1 69962U 26157V   26220.50004630 -.02445823  00000+0 -56475-1 0  9990
2 69962  53.1594 174.9781 0001477  67.1260  80.4184 15.45525895  6076
STARLINK-37931          
1 69963U 26157W   26220.50004630 -.02724424  00000+0 -69828-1 0  9994
2 69963  53.1594 174.8971 0000725 134.0412  53.7374 15.42920897  6077
STARLINK-37914          
1 69964U 26157X   26220.15139456  .00032671  00000+0  59261-3 0  9995
2 69964  53.1598 177.3775 0001262  85.2148 274.9005 15.49328552  4705
STARLINK-37840          
1 69965U 26157Y   26220.15661282  .00023451  00000+0  42807-3 0  9997
2 69965  53.1593 177.4103 0001246  92.1914 267.9238 15.49333530  4709
STARLINK-37894          
1 69966U 26157Z   26220.14928283  .00021491  00000+0  39315-3 0  9996
2 69966  53.1592 177.3630 0001090  79.8313 280.2819 15.49327022  4707
STARLINK-37875          
1 69967U 26157AA  26220.16684108  .00021851  00000+0  39959-3 0  9998
2 69967  53.1592 176.7456 0001117  89.8430 270.2707 15.49327287  4717
STARLINK-36218          
1 69968U 26157AB  26220.50004630 -.00001959  00000+0 -27175-4 0  9990
2 69968  53.1594 174.9155 0001344  99.5816  77.5652 15.49303002  5722
STARLINK-37921          
1 69969U 26157AC  26220.50004630 -.00010394  00000+0 -17901-3 0  9999
2 69969  53.1594 175.1185 0001234  89.2028 347.2249 15.49317469  6078
STARLINK-37896          
1 69970U 26157AD  26220.50004630 -.00008464  00000+0 -14425-3 0  9994
2 69970  53.1589 175.1068 0000985 100.3552 341.7668 15.49315872  6073
STARLINK-37922          
1 69971U 26157AE  26220.16084466  .00033861  00000+0  61386-3 0  9997
2 69971  53.1597 176.7071 0001636  86.8015 273.3182 15.49325781  4710
CHUANG XIN 26 (CX-26)   
1 69972U 26158A   26220.10886977 -.00000181  00000+0 -90282-5 0  9990
2 69972  49.9826 179.4935 0004969  22.6065 337.5066 14.25120729  4119
CZ-10B DEB              
1 69973U 26158B   26220.32388551 -.00000001  00000+0  67771-4 0  9996
2 69973  49.9831 178.6327 0006016  34.2447 325.8853 14.24905278  4146
CZ-10B R/B              
1 69974U 26158C   26220.28998546  .00000046  00000+0  41189-4 0  9996
2 69974  49.9628 170.5452 0197927 291.0361  66.9502 14.64317341  4259
STARLINK-38024          
1 69975U 26159A   26220.52782470  .00140064  00000+0  92397-3 0  9993
2 69975  97.2841  60.5534 0001564  65.1436 294.9992 15.75205675  5702
STARLINK-37993          
1 69976U 26159B   26220.52606052  .00149884  00000+0  98742-3 0  9994
2 69976  97.2838  60.5539 0001212  70.2552 289.8844 15.75208783  5702
STARLINK-37995          
1 69977U 26159C   26220.50205697  .00106967  00000+0  70775-3 0  9994
2 69977  97.2828  60.4311 0002572  91.6159 268.5400 15.75231023  5692
STARLINK-38057          
1 69978U 26159D   26220.50004630 -.00008591  00000+0 -56610-4 0  9998
2 69978  97.2851  60.5155 0001594  84.7428  95.8827 15.75259614  5758
STARLINK-38063          
1 69979U 26159E   26220.54193865  .00126808  00000+0  83770-3 0  9998
2 69979  97.2837  60.5323 0000785 105.5054 254.6298 15.75211742  5700
STARLINK-38093          
1 69980U 26159F   26220.50004630 -.00042039  00000+0 -28221-3 0  9992
2 69980  97.2842  60.5545 0001424  87.5720 185.1448 15.75202138  5753
STARLINK-38050          
1 69981U 26159G   26220.49923260  .00128480  00000+0  84750-3 0  9992
2 69981  97.2831  60.4349 0002315  92.9940 267.1590 15.75239012  5690
STARLINK-38065          
1 69982U 26159H   26220.30441764  .00122822  00000+0  81189-3 0  9994
2 69982  97.2852  60.2431 0001989  80.3637 279.7852 15.75207258  5668
STARLINK-38077          
1 69983U 26159J   26220.07431245  .00171694  00000+0  11287-2 0  9994
2 69983  97.2842  60.0982 0002331  80.5174 279.6355 15.75194201  5634
STARLINK-38068          
1 69984U 26159K   26220.53946988  .00155719  00000+0  10252-2 0  9992
2 69984  97.2841  60.5353 0001569  53.4843 306.6567 15.75207895  5703
STARLINK-38089          
1 69985U 26159L   26220.54899948  .00127338  00000+0  83956-3 0  9995
2 69985  97.2835  60.5223 0003440  82.0309 278.1346 15.75249880  5706
STARLINK-38073          
1 69986U 26159M   26220.53417398  .00132983  00000+0  87815-3 0  9990
2 69986  97.2823  60.5426 0001170  95.5824 264.5575 15.75202731  5705
STARLINK-38099          
1 69987U 26159N   26220.49182182  .00122063  00000+0  80587-3 0  9993
2 69987  97.2825  60.4457 0002282  86.4833 273.6694 15.75237835  5699
STARLINK-38064          
1 69988U 26159P   26220.54405715  .00114399  00000+0  75725-3 0  9991
2 69988  97.2845  60.5293 0001404  58.5362 301.6040 15.75201177  5702
STARLINK-38080          
1 69989U 26159Q   26220.53770494  .00129489  00000+0  85511-3 0  9990
2 69989  97.2828  60.5376 0000997  93.4459 266.6920 15.75212141  5707
STARLINK-38070          
1 69990U 26159R   26220.54052679  .00129431  00000+0  85462-3 0  9993
2 69990  97.2831  60.5342 0000947 101.4263 258.7108 15.75215145  5701
STARLINK-38042          
1 69991U 26159S   26220.53312595  .00091457  00000+0  60829-3 0  9995
2 69991  97.2835  60.5435 0001033 109.3522 250.7855 15.75159834  5704
STARLINK-38071          
1 69992U 26159T   26220.54546933  .00135016  00000+0  89110-3 0  9996
2 69992  97.2831  60.5264 0001612  51.2652 308.8757 15.75208798  5703
STARLINK-38082          
1 69993U 26159U   26220.53594041  .00118844  00000+0  78577-3 0  9994
2 69993  97.2819  60.5400 0001108  97.6748 262.4643 15.75214792  5702
STARLINK-38090          
1 69994U 26159V   26220.52253191  .00144907  00000+0  95538-3 0  9997
2 69994  97.2851  60.5602 0001255  62.4959 297.6433 15.75204946  5707
STARLINK-38084          
1 69995U 26159W   26220.55111331  .00105008  00000+0  69571-3 0  9997
2 69995  97.2841  60.5200 0001614  54.4213 305.7202 15.75207978  5707
STARLINK-38085          
1 69996U 26159X   26220.52958676  .00098822  00000+0  65548-3 0  9991
2 69996  97.2837  60.5494 0001361  52.2891 307.8498 15.75200487  5703
STARLINK-38091          
1 69997U 26159Y   26220.51123765  .00123769  00000+0  81725-3 0  9998
2 69997  97.2832  60.5746 0002286 115.4627 244.6874 15.75229403  5700
STARLINK-38086          
1 69998U 26159Z   26220.53381646  .00141480  00000+0  93456-3 0  9999
2 69998  97.2835  60.5426 0001229  48.7301 311.4070 15.75170729  5709
